904 600 333 114 724 725 663 708 673 687 686 672 584 666 665 394 310 698 608 536 658 643 634 629 595 568 433 423 415 402 365 334 299 233 196 184 145 137 75 62 45 23 689 585 369 176 70 705 449 574 582 730 707 427 401 471 54 677 589 464 694 712 659 633 562 560 538 535 478 457 314 298 157 89 28 263 693 647 208 52 11 859 858 857 486 344 81 903 902 612 448 367 214 704 527 507 335 111 109 563 503 463 450 439 370 345 302 276 140 100 55 865 26 861 489 856 855 854 853 852 851 850 849 848 847 846 845 844 843 842 841 840 839 838 837 836 835 834 833 832 831 830 829 828 827 826 825 824 823 822 821 820 819 818 817 815 814 813 812 811 810 809 808 807 806 804 803 802 801 800 799 798 797 796 795 794 793 792 791 790 789 788 787 786 785 784 783 782 781 780 779 778 777 776 775 774 773 772 771 770 769 768 767 766 765 764 763 762 761 760 759 758 757 756 755 754 753 752 751 750 749 748 747 746 745 744 743 742 741 740 739 738 737 736 735 734 733 732 731 578 557 549 546 545 541 515 476 426 424 399 397 387 386 374 363 359 341 329 285 265 264 262 259 228 203 172 166 131 118 99 98 94 85 83 32 25 16 10 729 728 444 506 272 702 611 385 339 97 33 534 517 495 56 722 721 720 396 261 717 419 716 714 692 542 393 227 206 91 502 500 498 497 496 491 490 485 480 479 477 473 468 465 455 454 453 442 441 438 437 435 429 425 413 412 404 398 389 388 380 379 378 371 364 356 897 355 896 354 895 353 894 351 892 346 887 340 881 332 873 328 869 327 868 325 866 313 312 311 309 308 307 297 293 289 281 279 275 816 273 269 268 256 254 253 250 249 248 504 247 246 501 244 499 242 238 236 361 104 645 95 636 87 628 78 619 205 331 872 74 201 330 871 73 614 200 57 598 53 594 48 432 175 304 47 588 46 587 360 901 103 644 230 44 171 300 43 170 711 101 642 42 583 169 710 41 318 61 445 188 2 543 3 544 130 88 596 472 215 286 29 570 537 257 0 384 127 668 320 63 604 190 4 287 30 571 69 610 326 867 72 613 456 199 323 66 607 7 548 317 60 601 187 1 128 669 84 625 143 684 343 884 86 627 213 284 27 411 154 695 5 291 34 575 418 161 322 65 606 192 6 547 390 133 35 67 194 8 135 676 294 37 421 164 283 540 416 159 266 9 550 650 136 295 38 579 422 165 270 13 554 17 558 144 685 79 620 20 561 80 621 207 278 21 405 148 39 580 362 105 646 232 106 108 649 492 235 110 651 373 116 117 376 119 660 124 126 395 138 679 139 680 403 146 406 149 690 407 150 691 408 151 409 152 153 158 417 160 701 167 436 179 182 183 186 446 189 191 452 195 459 202 461 204 209 467 210 212 474 217 219 481 224 225 505 508 509 510 511 512 514 516 519 522 523 524 525 529 530 532 551 559 18 564 566 567 569 573 577 36 581 40 586 590 49 592 603 609 68 616 617 76 618 77 622 626 630 632 635 639 640 641 652 653 112 656 115 670 129 713 715 174 805 860 319 870 874 875 876 877 336 878 337 879 338 880 882 883 885 886 888 889 348 890 349 891 350 893 352 898 357 899 358 900 414 520 597 168 539 274 71 218 392 125 14 555 121 375 24 93 120 226 258 280 216 197 231 220 239 243 303 372 383 431 494 31 526 211 237 282 466 513 321 451 102 162 703 177 292 469 277 487 552 518 637 96 132 198 305 382 591 19 82 623 134 142 683 147 155 163 178 181 185 252 255 267 271 301 315 324 368 377 381 420 430 434 443 458 475 483 484 521 533 553 12 599 58 605 64 624 631 90 638 648 107 655 664 678 681 682 141 245 290 306 410 470 528 180 193 251 391 440 400 460 288 493 113 156 531 222 
654 347 296 229 15 
657 602 260 22 
709 556 366 342 
593 661 50 
240 662 51 
905 615 
864 576 
863 572 
862 565 
727 488 
726 482 
723 462 
719 447 
718 428 
706 316 
700 241 
699 234 
697 223 
696 221 
688 173 
675 123 
674 122 
671 92 
667 59 
