619 505 617 499 479 459 454 425 652 416 412 621 149 417 4 127 323 87 20 67 566 212 53 37 504 445 327 43 320 247 603 485 249 257 78 373 225 284 472 295 30 325 355 187 364 108 403 409 
655 631 605 571 613 381 134 628 19 142 36 181 553 147 350 255 267 533 475 185 301 638 348 377 
643 634 658 629 623 23 62 45 137 145 184 196 568 75 423 365 233 595 334 433 
525 523 480 210 65 104 182 195 548 84 453 105 404 194 205 586 35 238 
644 588 456 436 2 46 293 199 422 294 300 167 312 328 376 279 395 
641 9 308 86 639 146 630 340 392 435 461 500 13 390 564 590 
567 116 150 268 384 152 635 171 101 275 286 8 124 501 559 
477 164 581 175 232 583 351 627 598 516 371 408 498 626 
592 442 432 360 330 270 158 219 63 411 346 138 398 
642 544 388 362 331 309 47 510 3 27 651 
484 458 521 443 368 357 178 324 129 648 76 
502 358 305 198 165 382 148 96 132 
606 378 226 120 71 39 258 24 93 
614 332 239 125 522 106 162 292 
539 375 130 121 38 287 14 
664 563 463 302 276 107 55 
496 281 204 192 313 66 
439 172 99 607 386 100 
168 136 80 5 653 
503 434 420 97 298 
633 457 33 391 157 
654 347 296 229 15 
659 383 89 314 28 
689 585 369 193 176 
251 246 492 440 180 
647 693 303 208 
517 534 495 310 
657 602 260 22 
471 252 163 54 
596 540 326 29 
554 169 159 570 
536 333 114 
240 662 51 
593 661 50 
552 464 589 
904 608 600 
470 189 141 
666 56 394 
709 342 366 
620 0 143 
715 
816 
805 
483 
860 
713 
710 
695 
692 
690 
681 
680 
669 
668 
611 
529 
511 
507 
335 
537 
274 
273 
263 
237 
217 
135 
88 
711 
702 
682 
670 
650 
591 
579 
555 
861 
532 
526 
460 
367 
349 
315 
290 
227 
218 
177 
109 
68 
31 
883 
892 
884 
885 
886 
887 
888 
889 
890 
891 
882 
893 
894 
895 
896 
897 
898 
899 
900 
873 
865 
866 
867 
868 
869 
870 
871 
872 
901 
874 
875 
876 
877 
878 
879 
880 
881 
272 
183 
188 
202 
206 
213 
214 
228 
245 
156 
277 
306 
678 
402 
415 
468 
473 
478 
72 
902 
903 
905 
1 
12 
16 
40 
52 
481 
77 
81 
82 
113 
115 
117 
153 
155 
235 
321 
102 
191 
336 
380 
490 
254 
133 
307 
34 
60 
220 
645 
243 
278 
352 
190 
372 
338 
339 
418 
487 
512 
547 
587 
609 
646 
6 
128 
211 
491 
575 
49 
174 
41 
154 
455 
551 
465 
597 
343 
577 
21 
69 
508 
361 
414 
224 
558 
520 
632 
48 
291 
61 
622 
446 
42 
649 
244 
452 
561 
248 
604 
95 
119 
170 
230 
44 
139 
535 
256 
410 
437 
438 
441 
518 
528 
530 
200 
562 
610 
624 
32 
110 
140 
207 
231 
665 
319 
413 
451 
467 
494 
538 
601 
625 
250 
864 
701 
704 
712 
57 
79 
197 
513 
160 
216 
282 
353 
379 
406 
421 
431 
656 
573 
660 
17 
179 
269 
469 
201 
637 
280 
288 
405 
509 
519 
524 
550 
599 
283 
640 
103 
322 
450 
474 
594 
618 
531 
486 
488 
489 
493 
497 
506 
514 
515 
527 
482 
541 
542 
543 
545 
546 
549 
556 
557 
429 
399 
400 
401 
407 
419 
424 
426 
427 
428 
560 
430 
444 
447 
448 
449 
462 
466 
476 
687 
674 
675 
676 
677 
679 
683 
684 
685 
686 
673 
688 
691 
694 
696 
697 
698 
699 
700 
584 
565 
569 
572 
574 
576 
578 
580 
582 
397 
612 
615 
616 
636 
663 
667 
671 
672 
166 
112 
118 
122 
123 
126 
131 
144 
151 
161 
111 
173 
186 
203 
209 
215 
221 
222 
223 
73 
10 
11 
18 
25 
26 
58 
59 
64 
70 
234 
74 
83 
85 
90 
91 
92 
94 
98 
359 
317 
318 
329 
337 
341 
344 
345 
354 
356 
316 
363 
370 
374 
385 
387 
389 
393 
396 
265 
236 
241 
242 
253 
259 
261 
262 
264 
703 
266 
271 
285 
289 
297 
299 
304 
311 
815 
806 
807 
808 
809 
810 
811 
812 
813 
814 
804 
817 
818 
819 
820 
821 
822 
823 
824 
795 
786 
787 
788 
789 
790 
791 
792 
793 
794 
825 
796 
797 
798 
799 
800 
801 
802 
803 
853 
844 
845 
846 
847 
848 
849 
850 
851 
852 
843 
854 
855 
856 
857 
858 
859 
862 
863 
834 
826 
827 
828 
829 
830 
831 
832 
833 
785 
835 
836 
837 
838 
839 
840 
841 
842 
739 
730 
731 
732 
733 
734 
735 
736 
737 
738 
729 
740 
741 
742 
743 
744 
745 
746 
747 
720 
705 
706 
707 
708 
714 
716 
717 
718 
719 
748 
721 
722 
723 
724 
725 
726 
727 
728 
776 
767 
768 
769 
770 
771 
772 
773 
774 
775 
766 
777 
778 
779 
780 
781 
782 
783 
784 
757 
749 
750 
751 
752 
753 
754 
755 
756 
7 
758 
759 
760 
761 
762 
763 
764 
765 
