619 627
619 630
619 639
619 641
505 564
505 588
505 590
505 596
505 627
505 630
505 639
505 641
617 627
617 630
617 639
617 641
499 500
499 502
499 564
499 588
499 590
499 596
499 627
499 630
499 639
499 641
479 498
479 500
479 501
479 502
479 523
479 551
479 564
479 567
479 583
479 586
479 588
479 590
479 596
479 604
479 627
479 630
479 632
479 635
479 639
479 641
479 645
459 461
459 500
459 502
459 564
459 587
459 588
459 590
459 596
459 627
459 630
459 639
459 641
454 456
454 461
454 500
454 502
454 564
454 588
454 590
454 596
454 627
454 630
454 639
454 641
425 435
425 456
425 461
425 500
425 502
425 564
425 588
425 590
425 596
425 627
425 630
425 639
425 641
416 435
416 456
416 461
416 500
416 502
416 564
416 588
416 590
416 596
416 627
416 630
416 639
416 641
412 414
412 421
412 422
412 432
412 435
412 453
412 456
412 461
412 465
412 477
412 480
412 498
412 500
412 501
412 502
412 520
412 522
412 523
412 554
412 559
412 561
412 564
412 567
412 577
412 583
412 586
412 588
412 590
412 591
412 596
412 597
412 598
412 604
412 614
412 626
412 627
412 630
412 635
412 639
412 641
412 644
412 645
621 627
621 630
621 639
621 641
149 150
149 152
149 154
149 160
149 165
149 167
149 171
149 175
149 182
149 194
149 195
149 199
149 205
149 210
149 219
149 232
149 238
149 270
149 275
149 279
149 286
149 308
149 309
149 340
149 343
149 360
149 361
149 371
149 378
149 390
149 404
149 408
149 411
149 432
149 435
149 453
149 456
149 461
149 477
149 491
149 498
149 500
149 501
149 502
149 520
149 522
149 523
149 525
149 554
149 564
149 567
149 573
149 583
149 588
149 590
149 591
149 596
149 604
149 618
149 627
149 630
149 635
149 639
149 641
149 645
417 435
417 456
417 461
417 500
417 502
417 564
417 588
417 590
417 596
417 627
417 630
417 639
417 641
4 8
4 9
4 21
4 48
4 65
4 80
4 86
4 104
4 105
4 116
4 124
4 146
4 148
4 150
4 152
4 165
4 167
4 171
4 182
4 191
4 195
4 205
4 210
4 224
4 238
4 268
4 275
4 279
4 286
4 300
4 308
4 331
4 340
4 346
4 371
4 384
4 390
4 404
4 408
4 422
4 432
4 435
4 453
4 455
4 456
4 461
4 474
4 492
4 498
4 500
4 501
4 502
4 519
4 523
4 524
4 551
4 559
4 564
4 567
4 586
4 588
4 590
4 596
4 598
4 626
4 627
4 630
4 632
4 635
4 639
4 641
127 146
127 167
127 182
127 205
127 210
127 279
127 286
127 308
127 340
127 378
127 390
127 408
127 435
127 456
127 461
127 500
127 502
127 564
127 588
127 590
127 596
127 627
127 630
127 639
127 641
323 340
323 390
323 408
323 435
323 456
323 461
323 500
323 502
323 564
323 588
323 590
323 596
323 627
323 630
323 639
323 641
87 105
87 146
87 167
87 182
87 205
87 210
87 279
87 286
87 308
87 340
87 390
87 408
87 435
87 456
87 461
87 500
87 502
87 564
87 588
87 590
87 596
87 627
87 630
87 639
87 641
20 86
20 105
20 146
20 167
20 182
20 205
20 210
20 279
20 286
20 308
20 340
20 378
20 390
20 408
20 435
20 456
20 461
20 500
20 502
20 564
20 588
20 590
20 596
20 627
20 630
20 639
20 641
67 86
67 105
67 146
67 167
67 182
67 205
67 210
67 279
67 286
67 308
67 340
67 390
67 408
67 435
67 456
67 461
67 500
67 502
67 564
67 588
67 590
67 596
67 627
67 630
67 639
67 641
566 588
566 590
566 596
566 627
566 630
566 639
566 641
212 279
212 286
212 308
212 340
212 378
212 390
212 392
212 408
212 435
212 456
212 461
212 500
212 502
212 564
212 588
212 590
212 596
212 627
212 630
212 639
212 641
53 86
53 105
53 146
53 167
53 182
53 205
53 210
53 279
53 286
53 308
53 340
53 390
53 408
53 435
53 456
53 461
53 500
53 502
53 564
53 588
53 590
53 596
53 627
53 630
53 639
53 641
37 86
37 105
37 146
37 167
37 182
37 205
37 210
37 279
37 286
37 308
37 340
37 378
37 390
37 408
37 435
37 456
37 461
37 500
37 502
37 564
37 588
37 590
37 596
37 627
37 630
37 639
37 641
504 564
504 588
504 590
504 596
504 627
504 630
504 639
504 641
445 456
445 461
445 500
445 502
445 564
445 588
445 590
445 596
445 627
445 630
445 639
445 641
327 340
327 390
327 408
327 435
327 456
327 461
327 500
327 502
327 564
327 588
327 590
327 596
327 627
327 630
327 639
327 641
43 86
43 105
43 146
43 167
43 182
43 205
43 210
43 279
43 286
43 308
43 340
43 390
43 408
43 435
43 456
43 461
43 500
43 502
43 564
43 588
43 590
43 596
43 627
43 630
43 639
43 641
320 340
320 378
320 390
320 392
320 408
320 435
320 456
320 461
320 500
320 502
320 564
320 588
320 590
320 596
320 627
320 630
320 639
320 641
247 279
247 286
247 308
247 340
247 390
247 408
247 435
247 456
247 461
247 500
247 502
247 564
247 588
247 590
247 596
247 627
247 630
247 639
247 641
603 604
603 625
603 627
603 630
603 632
603 635
603 639
603 641
603 645
485 500
485 502
485 564
485 588
485 590
485 596
485 627
485 630
485 639
485 641
249 279
249 286
249 308
249 340
249 378
249 390
249 392
249 408
249 435
249 456
249 461
249 500
249 502
249 564
249 588
249 590
249 596
249 627
249 630
249 637
249 639
249 641
257 279
257 286
257 308
257 340
257 378
257 390
257 392
257 408
257 435
257 456
257 461
257 500
257 502
257 564
257 588
257 590
257 596
257 627
257 630
257 639
257 641
78 86
78 105
78 146
78 167
78 182
78 205
78 210
78 279
78 286
78 308
78 340
78 390
78 408
78 435
78 456
78 461
78 500
78 502
78 564
78 588
78 590
78 596
78 627
78 630
78 639
78 641
373 390
373 408
373 435
373 456
373 461
373 500
373 502
373 564
373 588
373 590
373 596
373 627
373 630
373 639
373 641
225 279
225 286
225 308
225 340
225 390
225 408
225 435
225 456
225 461
225 500
225 502
225 564
225 588
225 590
225 596
225 627
225 630
225 639
225 641
284 286
284 308
284 321
284 340
284 380
284 390
284 408
284 435
284 451
284 456
284 461
284 500
284 502
284 564
284 588
284 590
284 596
284 627
284 630
284 639
284 641
284 645
284 656
472 498
472 500
472 501
472 502
472 523
472 551
472 561
472 564
472 567
472 586
472 587
472 588
472 590
472 596
472 627
472 630
472 632
472 635
472 637
472 639
472 641
472 656
472 701
472 711
295 308
295 340
295 390
295 408
295 435
295 456
295 461
295 500
295 502
295 564
295 588
295 590
295 596
295 627
295 630
295 639
295 641
30 86
30 105
30 146
30 167
30 182
30 205
30 210
30 279
30 286
30 308
30 340
30 390
30 408
30 435
30 456
30 461
30 500
30 502
30 564
30 588
30 590
30 596
30 627
30 630
30 639
30 641
325 340
325 390
325 408
325 435
325 456
325 461
325 500
325 502
325 564
325 588
325 590
325 596
325 627
325 630
325 639
325 641
355 390
355 408
355 435
355 456
355 461
355 500
355 502
355 564
355 588
355 590
355 596
355 627
355 630
355 639
355 641
187 205
187 210
187 279
187 286
187 308
187 340
187 390
187 408
187 435
187 456
187 461
187 500
187 502
187 561
187 564
187 588
187 590
187 596
187 627
187 630
187 639
187 641
364 390
364 408
364 435
364 456
364 461
364 500
364 502
364 564
364 588
364 590
364 596
364 627
364 630
364 639
364 641
108 146
108 167
108 182
108 205
108 210
108 279
108 286
108 308
108 340
108 390
108 408
108 435
108 456
108 461
108 500
108 502
108 564
108 588
108 590
108 596
108 627
108 630
108 639
108 641
403 408
403 435
403 456
403 461
403 500
403 502
403 564
403 588
403 590
403 596
403 627
403 630
403 639
403 641
409 435
409 456
409 461
409 500
409 502
409 524
409 564
409 588
409 590
409 596
409 627
409 630
409 639
409 641
631 648
571 648
381 443
381 458
381 484
381 521
381 648
134 165
19 76
19 129
19 165
19 178
19 324
19 357
19 368
19 443
19 458
19 484
19 521
19 648
142 165
142 178
142 324
142 357
142 368
142 443
142 458
142 484
142 521
142 648
36 76
36 129
36 165
36 178
36 324
36 357
36 368
36 443
36 458
36 484
36 521
36 648
181 324
181 357
181 368
181 443
181 458
181 484
181 521
181 648
147 165
147 178
147 324
147 357
147 368
147 443
147 458
147 484
147 521
147 648
350 357
350 368
350 443
350 458
350 484
350 521
350 648
255 324
255 357
255 368
255 443
255 458
255 484
255 521
255 648
267 324
267 357
267 368
267 443
267 458
267 484
267 521
267 648
185 324
185 357
185 368
185 443
185 458
185 484
185 521
185 648
301 324
301 357
301 368
301 443
301 458
301 484
301 521
301 648
638 648
623 704
525 559
525 567
525 581
525 583
525 592
525 596
525 598
525 627
525 630
525 635
523 544
523 551
523 554
523 558
523 567
523 577
523 583
523 588
523 596
523 598
523 603
523 614
523 626
523 627
523 632
523 635
523 642
523 644
523 651
480 498
480 501
480 508
480 510
480 522
480 554
480 567
480 596
480 598
480 614
480 627
480 635
480 644
480 649
210 212
210 225
210 246
210 247
210 249
210 257
210 279
210 284
210 286
210 295
210 308
210 320
210 323
210 325
210 327
210 340
210 355
210 364
210 373
210 390
210 403
210 408
210 409
210 412
210 416
210 417
210 425
210 435
210 445
210 454
210 456
210 459
210 461
210 472
210 477
210 479
210 485
210 499
210 500
210 502
210 504
210 505
210 522
210 564
210 566
210 588
210 590
210 596
210 598
210 603
210 617
210 619
210 621
210 627
210 630
210 635
210 639
210 641
210 652
65 69
65 80
65 86
65 95
65 106
65 116
65 119
65 124
65 148
65 150
65 152
65 158
65 165
65 167
65 171
65 175
65 199
65 224
65 246
65 268
65 275
65 279
65 286
65 294
65 300
65 309
65 331
65 340
65 343
65 346
65 360
65 362
65 371
65 376
65 384
65 388
65 395
65 408
65 412
65 414
65 422
65 432
65 442
65 455
65 456
65 461
65 465
65 472
65 477
65 479
65 498
65 501
65 502
65 508
65 510
65 520
65 522
65 551
65 554
65 558
65 567
65 577
65 588
65 596
65 597
65 598
65 603
65 627
65 632
65 635
65 642
65 644
104 116
104 119
104 124
104 148
104 150
104 152
104 165
104 167
104 171
104 175
104 199
104 224
104 246
104 268
104 275
104 279
104 286
104 300
104 309
104 331
104 340
104 343
104 346
104 360
104 362
104 371
104 384
104 388
104 395
104 408
104 412
104 414
104 422
104 432
104 455
104 456
104 461
104 465
104 472
104 477
104 479
104 498
104 501
104 502
104 510
104 520
104 522
104 544
104 551
104 554
104 558
104 567
104 583
104 588
104 596
104 597
104 598
104 603
104 627
104 632
104 635
104 642
104 644
104 651
182 187
182 192
182 199
182 212
182 217
182 219
182 224
182 225
182 232
182 244
182 246
182 247
182 249
182 257
182 268
182 269
182 270
182 274
182 275
182 278
182 279
182 281
182 284
182 286
182 290
182 293
182 295
182 300
182 306
182 308
182 309
182 320
182 323
182 325
182 327
182 330
182 331
182 332
182 337
182 340
182 346
182 351
182 355
182 360
182 361
182 362
182 364
182 371
182 373
182 376
182 378
182 384
182 388
182 390
182 398
182 403
182 406
182 408
182 409
182 410
182 411
182 412
182 416
182 417
182 421
182 422
182 425
182 432
182 435
182 442
182 445
182 446
182 452
182 454
182 455
182 456
182 459
182 461
182 472
182 477
182 479
182 485
182 498
182 499
182 500
182 501
182 502
182 504
182 505
182 508
182 510
182 520
182 522
182 539
182 544
182 551
182 554
182 558
182 559
182 561
182 564
182 566
182 567
182 581
182 583
182 588
182 590
182 592
182 596
182 598
182 603
182 604
182 617
182 619
182 621
182 625
182 626
182 627
182 630
182 632
182 635
182 639
182 641
182 642
182 644
182 645
182 651
182 652
182 669
195 199
195 219
195 224
195 230
195 232
195 246
195 268
195 270
195 275
195 279
195 286
195 291
195 293
195 294
195 300
195 309
195 312
195 328
195 330
195 331
195 332
195 340
195 343
195 346
195 360
195 361
195 362
195 371
195 376
195 384
195 388
195 395
195 398
195 408
195 411
195 412
195 414
195 422
195 432
195 436
195 442
195 455
195 456
195 461
195 465
195 472
195 477
195 479
195 498
195 501
195 502
195 508
195 510
195 520
195 522
195 551
195 554
195 558
195 567
195 577
195 583
195 588
195 592
195 596
195 597
195 598
195 603
195 614
195 626
195 627
195 632
195 635
195 644
548 598
548 635
84 171
84 190
84 192
84 246
84 281
84 422
84 477
84 501
84 547
84 583
84 596
84 598
84 635
453 455
453 456
453 461
453 465
453 472
453 477
453 479
453 498
453 501
453 502
453 508
453 510
453 520
453 522
453 544
453 551
453 554
453 558
453 567
453 577
453 583
453 588
453 592
453 596
453 597
453 598
453 603
453 614
453 627
453 630
453 632
453 635
453 642
453 644
453 649
453 651
105 108
105 116
105 124
105 127
105 146
105 148
105 149
105 150
105 152
105 165
105 167
105 171
105 187
105 212
105 224
105 225
105 246
105 247
105 249
105 257
105 268
105 275
105 279
105 284
105 286
105 295
105 300
105 308
105 320
105 323
105 325
105 327
105 331
105 340
105 346
105 355
105 364
105 371
105 373
105 378
105 384
105 390
105 392
105 403
105 408
105 409
105 412
105 416
105 417
105 422
105 425
105 432
105 435
105 445
105 454
105 455
105 456
105 459
105 461
105 472
105 477
105 479
105 485
105 498
105 499
105 500
105 501
105 502
105 504
105 505
105 522
105 551
105 564
105 566
105 567
105 588
105 590
105 596
105 598
105 603
105 617
105 619
105 621
105 627
105 630
105 632
105 635
105 639
105 641
105 652
404 408
404 411
404 412
404 414
404 422
404 432
404 442
404 455
404 456
404 461
404 465
404 472
404 477
404 479
404 498
404 501
404 502
404 508
404 510
404 520
404 522
404 544
404 551
404 554
404 558
404 567
404 577
404 583
404 588
404 592
404 596
404 597
404 598
404 603
404 614
404 626
404 627
404 632
404 635
404 642
404 644
404 651
194 199
194 219
194 224
194 230
194 232
194 246
194 270
194 279
194 291
194 293
194 294
194 300
194 309
194 312
194 328
194 330
194 332
194 340
194 343
194 346
194 360
194 361
194 362
194 371
194 376
194 388
194 395
194 398
194 408
194 411
194 412
194 414
194 422
194 432
194 436
194 442
194 456
194 465
194 477
194 498
194 501
194 508
194 510
194 520
194 522
194 554
194 558
194 567
194 577
194 583
194 588
194 592
194 596
194 597
194 598
194 614
194 626
194 627
194 632
194 635
194 644
205 212
205 224
205 225
205 232
205 246
205 247
205 249
205 257
205 268
205 275
205 279
205 281
205 284
205 286
205 295
205 300
205 308
205 309
205 320
205 323
205 325
205 327
205 331
205 340
205 346
205 355
205 361
205 362
205 364
205 371
205 373
205 376
205 378
205 384
205 388
205 390
205 392
205 395
205 403
205 408
205 409
205 412
205 416
205 417
205 422
205 425
205 432
205 435
205 445
205 454
205 455
205 456
205 459
205 461
205 465
205 472
205 477
205 479
205 485
205 490
205 491
205 496
205 498
205 499
205 500
205 501
205 502
205 504
205 505
205 508
205 510
205 513
205 520
205 522
205 528
205 532
205 539
205 544
205 551
205 554
205 558
205 559
205 561
205 564
205 566
205 567
205 577
205 583
205 588
205 590
205 596
205 598
205 603
205 604
205 617
205 619
205 621
205 627
205 630
205 632
205 635
205 639
205 641
205 642
205 644
205 645
205 652
205 691
586 596
586 598
586 603
586 614
586 627
586 632
586 635
586 644
586 865
35 119
35 139
35 171
35 175
35 246
35 293
35 340
35 395
35 408
35 422
35 432
35 442
35 477
35 498
35 522
35 561
35 567
35 596
35 598
35 635
238 246
238 268
238 270
238 275
238 279
238 286
238 287
238 291
238 293
238 300
238 309
238 331
238 340
238 343
238 346
238 360
238 361
238 362
238 371
238 376
238 384
238 388
238 395
238 408
238 411
238 412
238 414
238 418
238 422
238 432
238 455
238 456
238 461
238 465
238 472
238 477
238 479
238 498
238 501
238 502
238 508
238 510
238 520
238 522
238 544
238 551
238 554
238 558
238 567
238 577
238 583
238 588
238 596
238 597
238 598
238 603
238 614
238 627
238 632
238 635
238 642
238 644
238 651
588 590
588 596
588 597
588 598
588 603
588 617
588 619
588 621
588 626
588 627
588 630
588 632
588 635
588 639
588 641
588 642
588 651
588 652
456 459
456 461
456 472
456 477
456 479
456 485
456 490
456 491
456 498
456 499
456 500
456 501
456 502
456 504
456 505
456 508
456 509
456 510
456 511
456 520
456 522
456 523
456 525
456 544
456 551
456 554
456 558
456 559
456 564
456 566
456 567
456 577
456 581
456 583
456 586
456 587
456 590
456 591
456 596
456 598
456 603
456 617
456 619
456 621
456 626
456 627
456 630
456 632
456 635
456 637
456 639
456 641
456 642
456 645
456 646
456 652
456 720
456 721
456 722
436 498
436 501
436 522
436 583
436 596
436 626
436 627
436 635
2 63
2 150
2 152
2 158
2 194
2 195
2 246
2 270
2 330
2 340
2 346
2 371
2 408
2 411
2 498
2 501
2 522
2 583
2 596
2 626
2 627
2 635
46 63
46 150
46 152
46 158
46 194
46 195
46 246
46 270
46 330
46 340
46 346
46 371
46 408
46 411
46 498
46 501
46 522
46 583
46 596
46 626
46 627
46 635
293 309
293 330
293 340
293 346
293 351
293 360
293 371
293 404
293 408
293 411
293 412
293 442
293 446
293 453
293 477
293 480
293 498
293 501
293 522
293 523
293 554
293 559
293 567
293 577
293 581
293 583
293 586
293 596
293 598
293 614
293 626
293 627
293 635
199 205
199 219
199 230
199 238
199 246
199 248
199 270
199 291
199 309
199 330
199 331
199 340
199 343
199 346
199 360
199 361
199 362
199 371
199 388
199 404
199 408
199 411
199 412
199 432
199 442
199 453
199 465
199 477
199 480
199 498
199 501
199 508
199 510
199 520
199 522
199 523
199 525
199 544
199 554
199 558
199 567
199 577
199 583
199 586
199 596
199 598
199 614
199 626
199 627
199 632
199 635
199 642
199 651
422 432
422 442
422 446
422 452
422 453
422 455
422 461
422 465
422 472
422 477
422 479
422 480
422 490
422 498
422 501
422 502
422 508
422 510
422 520
422 522
422 523
422 525
422 544
422 551
422 554
422 558
422 559
422 567
422 577
422 581
422 583
422 586
422 596
422 597
422 598
422 603
422 604
422 614
422 622
422 626
422 627
422 632
422 635
422 642
422 646
422 651
294 303
294 309
294 330
294 338
294 340
294 346
294 371
294 372
294 404
294 408
294 411
294 412
294 414
294 469
294 480
294 493
294 498
294 501
294 508
294 510
294 522
294 523
294 525
294 567
294 577
294 583
294 596
294 597
294 614
294 623
294 626
294 627
294 635
294 649
294 682
294 703
300 330
300 331
300 340
300 346
300 371
300 384
300 404
300 408
300 411
300 432
300 453
300 455
300 461
300 472
300 479
300 498
300 501
300 502
300 522
300 523
300 551
300 567
300 583
300 586
300 596
300 603
300 626
300 627
300 632
300 635
167 170
167 171
167 175
167 182
167 187
167 194
167 195
167 205
167 210
167 212
167 219
167 224
167 225
167 230
167 235
167 238
167 245
167 246
167 247
167 249
167 257
167 268
167 270
167 275
167 284
167 286
167 291
167 295
167 307
167 308
167 309
167 320
167 323
167 325
167 327
167 330
167 331
167 340
167 343
167 346
167 355
167 360
167 361
167 362
167 364
167 371
167 373
167 378
167 384
167 388
167 390
167 403
167 404
167 408
167 409
167 411
167 412
167 414
167 416
167 417
167 425
167 432
167 435
167 441
167 442
167 445
167 453
167 454
167 455
167 459
167 461
167 465
167 472
167 477
167 479
167 480
167 485
167 490
167 498
167 499
167 500
167 501
167 502
167 504
167 505
167 508
167 510
167 520
167 522
167 523
167 525
167 544
167 551
167 554
167 558
167 559
167 564
167 566
167 567
167 577
167 583
167 586
167 590
167 596
167 597
167 598
167 603
167 606
167 614
167 617
167 619
167 621
167 626
167 627
167 630
167 632
167 635
167 639
167 641
167 642
167 651
167 652
167 656
312 330
312 340
312 346
312 371
312 404
312 408
312 411
312 412
312 498
312 501
312 522
312 523
312 577
312 583
312 596
312 626
312 627
312 635
328 330
328 340
328 346
328 351
328 371
328 404
328 408
328 411
328 412
328 477
328 498
328 501
328 520
328 522
328 523
328 567
328 577
328 581
328 583
328 596
328 603
328 604
328 626
328 627
328 632
328 635
376 404
376 408
376 411
376 412
376 432
376 477
376 498
376 501
376 508
376 510
376 522
376 523
376 554
376 558
376 567
376 577
376 583
376 596
376 598
376 626
376 627
376 635
376 642
279 284
279 286
279 291
279 295
279 307
279 308
279 309
279 320
279 323
279 325
279 327
279 330
279 331
279 340
279 343
279 346
279 355
279 360
279 361
279 362
279 364
279 371
279 373
279 388
279 390
279 403
279 404
279 408
279 409
279 411
279 412
279 416
279 417
279 425
279 432
279 435
279 442
279 445
279 453
279 454
279 459
279 461
279 465
279 472
279 477
279 479
279 480
279 485
279 498
279 499
279 500
279 501
279 502
279 504
279 505
279 508
279 510
279 520
279 522
279 523
279 525
279 544
279 554
279 558
279 564
279 566
279 567
279 577
279 583
279 586
279 590
279 596
279 598
279 603
279 614
279 617
279 619
279 621
279 626
279 627
279 630
279 632
279 635
279 639
279 641
279 642
279 651
279 652
395 404
395 408
395 411
395 412
395 414
395 442
395 453
395 465
395 477
395 480
395 498
395 501
395 520
395 522
395 523
395 554
395 559
395 577
395 583
395 596
395 597
395 626
395 627
395 635
641 645
641 652
9 20
9 21
9 30
9 37
9 43
9 48
9 53
9 65
9 67
9 78
9 80
9 87
9 104
9 105
9 108
9 116
9 124
9 127
9 148
9 149
9 150
9 152
9 165
9 167
9 171
9 182
9 187
9 195
9 205
9 210
9 212
9 224
9 225
9 238
9 247
9 249
9 257
9 268
9 275
9 279
9 284
9 286
9 295
9 300
9 320
9 323
9 325
9 327
9 331
9 346
9 355
9 364
9 371
9 373
9 378
9 380
9 384
9 403
9 404
9 408
9 409
9 412
9 416
9 417
9 422
9 425
9 432
9 445
9 453
9 454
9 455
9 456
9 459
9 472
9 479
9 485
9 498
9 499
9 501
9 502
9 504
9 505
9 523
9 551
9 566
9 567
9 586
9 588
9 596
9 603
9 604
9 617
9 619
9 621
9 627
9 632
9 635
9 652
308 320
308 323
308 325
308 327
308 355
308 364
308 373
308 378
308 403
308 408
308 409
308 412
308 416
308 417
308 425
308 445
308 454
308 456
308 459
308 472
308 479
308 485
308 499
308 502
308 504
308 505
308 566
308 588
308 596
308 603
308 617
308 619
308 621
308 627
308 652
86 87
86 104
86 105
86 108
86 116
86 124
86 127
86 148
86 149
86 150
86 152
86 165
86 167
86 171
86 182
86 187
86 195
86 205
86 210
86 212
86 224
86 225
86 238
86 247
86 249
86 257
86 268
86 275
86 279
86 284
86 286
86 295
86 300
86 320
86 321
86 323
86 325
86 327
86 331
86 346
86 355
86 364
86 371
86 373
86 378
86 380
86 384
86 403
86 404
86 408
86 409
86 412
86 416
86 417
86 422
86 425
86 432
86 445
86 451
86 453
86 454
86 455
86 456
86 459
86 472
86 479
86 485
86 498
86 499
86 501
86 502
86 504
86 505
86 523
86 551
86 566
86 567
86 583
86 586
86 588
86 594
86 596
86 603
86 604
86 617
86 619
86 621
86 627
86 632
86 635
86 652
639 652
146 149
146 167
146 182
146 187
146 205
146 210
146 212
146 225
146 247
146 249
146 257
146 279
146 284
146 286
146 295
146 320
146 323
146 325
146 327
146 355
146 364
146 373
146 378
146 403
146 408
146 409
146 412
146 416
146 417
146 425
146 445
146 454
146 456
146 459
146 472
146 479
146 485
146 499
146 502
146 504
146 505
146 566
146 588
146 594
146 596
146 603
146 617
146 619
146 621
146 627
146 637
146 652
630 635
630 645
630 652
630 883
340 343
340 346
340 351
340 355
340 360
340 361
340 362
340 364
340 371
340 373
340 376
340 378
340 380
340 384
340 388
340 395
340 403
340 404
340 408
340 409
340 411
340 412
340 414
340 416
340 417
340 418
340 421
340 422
340 425
340 432
340 436
340 442
340 445
340 446
340 452
340 453
340 454
340 455
340 456
340 459
340 465
340 472
340 474
340 477
340 479
340 480
340 485
340 490
340 491
340 496
340 498
340 499
340 501
340 502
340 504
340 505
340 508
340 510
340 520
340 522
340 523
340 524
340 525
340 539
340 544
340 551
340 554
340 558
340 559
340 561
340 566
340 567
340 573
340 577
340 581
340 583
340 586
340 587
340 588
340 596
340 597
340 598
340 603
340 604
340 606
340 609
340 614
340 617
340 619
340 621
340 626
340 627
340 632
340 635
340 642
340 644
340 645
340 651
340 652
340 660
392 412
392 499
392 583
392 587
392 594
392 603
392 604
392 637
435 445
435 454
435 456
435 459
435 472
435 479
435 485
435 499
435 502
435 504
435 505
435 566
435 588
435 596
435 603
435 617
435 619
435 621
435 627
435 652
461 472
461 479
461 485
461 498
461 499
461 501
461 502
461 504
461 505
461 520
461 523
461 551
461 566
461 567
461 586
461 588
461 596
461 603
461 617
461 619
461 621
461 627
461 632
461 635
461 652
500 502
500 504
500 505
500 566
500 588
500 594
500 596
500 603
500 617
500 619
500 621
500 627
500 652
13 41
13 71
13 205
13 218
13 286
13 378
13 408
13 520
13 583
13 596
13 604
390 403
390 408
390 409
390 412
390 416
390 417
390 425
390 445
390 454
390 456
390 459
390 472
390 479
390 485
390 499
390 502
390 504
390 505
390 566
390 588
390 594
390 596
390 603
390 617
390 619
390 621
390 627
390 652
390 711
564 566
564 588
564 596
564 603
564 617
564 619
564 621
564 627
564 652
590 596
590 603
590 617
590 619
590 621
590 627
590 652
567 577
567 579
567 581
567 583
567 586
567 588
567 592
567 596
567 598
567 603
567 614
567 617
567 622
567 626
567 627
567 630
567 632
567 642
567 644
567 646
567 651
116 138
116 148
116 165
116 167
116 182
116 189
116 195
116 205
116 224
116 238
116 300
116 331
116 340
116 343
116 346
116 371
116 404
116 408
116 422
116 432
116 453
116 455
116 456
116 461
116 472
116 479
116 498
116 502
116 523
116 551
116 561
116 586
116 596
116 603
116 627
116 632
150 153
150 154
150 158
150 165
150 167
150 175
150 182
150 190
150 192
150 194
150 195
150 199
150 201
150 205
150 219
150 224
150 230
150 232
150 235
150 238
150 244
150 246
150 270
150 279
150 281
150 293
150 294
150 300
150 309
150 312
150 313
150 328
150 330
150 331
150 340
150 346
150 351
150 360
150 361
150 371
150 376
150 395
150 404
150 408
150 411
150 412
150 422
150 432
150 436
150 446
150 452
150 453
150 455
150 456
150 461
150 472
150 477
150 479
150 498
150 502
150 520
150 522
150 523
150 525
150 526
150 551
150 558
150 561
150 577
150 581
150 583
150 586
150 588
150 596
150 598
150 601
150 603
150 609
150 618
150 622
150 626
150 627
150 632
150 644
150 646
268 273
268 278
268 300
268 331
268 340
268 346
268 361
268 371
268 404
268 408
268 422
268 432
268 453
268 455
268 456
268 461
268 472
268 479
268 498
268 502
268 522
268 523
268 551
268 558
268 561
268 586
268 596
268 603
268 609
268 617
268 627
268 632
384 395
384 404
384 408
384 422
384 432
384 453
384 455
384 456
384 461
384 472
384 479
384 498
384 502
384 518
384 523
384 551
384 561
384 579
384 586
384 596
384 603
384 617
384 627
384 632
152 154
152 158
152 164
152 165
152 167
152 170
152 175
152 182
152 192
152 194
152 195
152 199
152 205
152 219
152 224
152 232
152 235
152 238
152 244
152 246
152 270
152 278
152 279
152 291
152 293
152 294
152 300
152 309
152 312
152 328
152 330
152 331
152 340
152 343
152 346
152 351
152 360
152 361
152 362
152 371
152 376
152 388
152 395
152 404
152 408
152 411
152 412
152 414
152 422
152 432
152 436
152 442
152 446
152 452
152 453
152 455
152 456
152 461
152 465
152 472
152 477
152 479
152 480
152 498
152 502
152 508
152 510
152 520
152 522
152 523
152 525
152 544
152 551
152 554
152 558
152 561
152 577
152 581
152 583
152 586
152 588
152 596
152 597
152 598
152 603
152 609
152 614
152 617
152 622
152 626
152 627
152 632
152 642
152 644
152 646
152 651
635 641
635 642
635 644
635 651
171 175
171 182
171 192
171 194
171 195
171 199
171 205
171 210
171 219
171 224
171 232
171 238
171 244
171 246
171 270
171 279
171 291
171 293
171 300
171 309
171 328
171 331
171 340
171 343
171 346
171 351
171 360
171 361
171 362
171 371
171 376
171 378
171 388
171 395
171 404
171 408
171 411
171 412
171 414
171 422
171 432
171 446
171 452
171 453
171 455
171 456
171 461
171 465
171 472
171 477
171 479
171 480
171 498
171 502
171 508
171 510
171 516
171 520
171 522
171 523
171 525
171 544
171 548
171 551
171 554
171 558
171 561
171 577
171 581
171 583
171 586
171 588
171 596
171 597
171 598
171 603
171 614
171 622
171 626
171 627
171 630
171 632
171 642
171 644
171 646
171 649
171 651
101 148
101 412
101 502
101 596
275 278
275 284
275 300
275 331
275 340
275 343
275 346
275 371
275 380
275 404
275 408
275 412
275 422
275 432
275 453
275 455
275 456
275 461
275 472
275 479
275 498
275 502
275 523
275 544
275 551
275 554
275 561
275 573
275 586
275 596
275 603
275 604
275 617
275 627
275 632
275 641
286 295
286 300
286 308
286 320
286 323
286 325
286 327
286 331
286 340
286 346
286 355
286 364
286 371
286 373
286 378
286 390
286 392
286 403
286 404
286 408
286 409
286 410
286 412
286 416
286 417
286 422
286 425
286 432
286 435
286 441
286 442
286 445
286 453
286 454
286 455
286 456
286 459
286 460
286 461
286 472
286 474
286 479
286 485
286 498
286 499
286 500
286 502
286 504
286 505
286 512
286 523
286 525
286 539
286 550
286 551
286 558
286 561
286 564
286 566
286 586
286 587
286 588
286 590
286 596
286 598
286 603
286 604
286 609
286 617
286 619
286 621
286 622
286 626
286 627
286 630
286 632
286 639
286 641
286 645
286 652
8 9
8 21
8 48
8 63
8 65
8 80
8 86
8 104
8 105
8 139
8 148
8 158
8 165
8 167
8 182
8 194
8 195
8 199
8 205
8 224
8 230
8 238
8 246
8 256
8 270
8 274
8 279
8 281
8 293
8 294
8 300
8 309
8 312
8 328
8 331
8 340
8 346
8 371
8 376
8 395
8 404
8 408
8 412
8 422
8 432
8 453
8 455
8 456
8 461
8 472
8 479
8 498
8 502
8 522
8 523
8 551
8 561
8 577
8 583
8 586
8 588
8 596
8 603
8 626
8 627
8 632
124 130
124 133
124 148
124 160
124 165
124 167
124 174
124 182
124 195
124 205
124 224
124 238
124 243
124 277
124 300
124 303
124 321
124 331
124 340
124 346
124 352
124 371
124 404
124 408
124 411
124 422
124 432
124 446
124 453
124 455
124 456
124 461
124 472
124 479
124 487
124 492
124 498
124 502
124 519
124 522
124 523
124 551
124 552
124 561
124 586
124 596
124 603
124 607
124 627
124 632
124 649
501 502
501 508
501 510
501 516
501 519
501 520
501 522
501 523
501 525
501 544
501 547
501 548
501 551
501 554
501 555
501 558
501 561
501 573
501 577
501 581
501 583
501 586
501 588
501 592
501 596
501 597
501 598
501 603
501 614
501 622
501 626
501 627
501 632
501 642
501 644
501 646
501 651
501 670
501 702
559 561
559 581
559 583
559 586
559 596
559 598
559 607
559 610
559 622
559 626
559 627
559 630
559 646
559 860
477 480
477 495
477 501
477 508
477 510
477 517
477 520
477 522
477 523
477 525
477 534
477 544
477 548
477 554
477 558
477 559
477 567
477 577
477 586
477 588
477 596
477 597
477 614
477 622
477 632
477 635
477 642
477 644
477 646
477 649
477 651
164 165
164 167
164 170
164 171
164 192
164 194
164 195
164 199
164 238
164 248
164 279
164 291
164 293
164 309
164 340
164 343
164 360
164 361
164 404
164 412
164 422
164 453
164 480
164 501
164 522
164 523
164 554
164 559
164 567
164 586
164 596
164 614
164 635
164 644
581 588
581 596
581 622
581 632
581 635
581 646
175 182
175 192
175 194
175 195
175 199
175 205
175 219
175 238
175 244
175 270
175 279
175 309
175 328
175 330
175 331
175 332
175 340
175 343
175 346
175 360
175 361
175 362
175 376
175 388
175 398
175 404
175 411
175 412
175 422
175 432
175 442
175 446
175 452
175 453
175 456
175 465
175 480
175 501
175 508
175 510
175 520
175 522
175 523
175 525
175 544
175 554
175 558
175 559
175 567
175 577
175 586
175 588
175 592
175 596
175 614
175 622
175 632
175 635
175 642
175 644
175 646
175 651
232 244
232 270
232 281
232 328
232 330
232 332
232 346
232 360
232 395
232 398
232 404
232 411
232 422
232 432
232 442
232 453
232 456
232 491
232 501
232 520
232 522
232 525
232 559
232 567
232 588
232 592
232 596
232 622
232 630
232 632
232 635
232 641
232 646
583 586
583 588
583 596
583 603
583 604
583 630
583 632
583 635
583 640
583 641
583 642
583 644
583 660
351 360
351 361
351 422
351 446
351 452
351 456
351 501
351 520
351 522
351 525
351 559
351 567
351 588
351 596
351 622
351 632
351 635
351 646
627 630
627 632
627 635
627 639
627 641
627 642
627 644
627 645
627 646
627 651
627 652
627 861
598 614
598 622
598 630
598 632
598 635
598 642
598 644
598 646
598 651
516 522
516 559
516 567
516 596
516 635
371 376
371 384
371 388
371 395
371 404
371 411
371 412
371 414
371 422
371 432
371 436
371 442
371 446
371 452
371 453
371 455
371 456
371 461
371 465
371 472
371 479
371 480
371 501
371 502
371 508
371 510
371 520
371 522
371 523
371 525
371 551
371 554
371 558
371 559
371 567
371 577
371 586
371 588
371 596
371 597
371 603
371 614
371 622
371 630
371 632
371 635
371 642
371 644
371 646
408 409
408 411
408 412
408 413
408 416
408 417
408 418
408 421
408 422
408 425
408 432
408 435
408 436
408 437
408 438
408 442
408 445
408 446
408 452
408 453
408 454
408 455
408 456
408 459
408 460
408 461
408 472
408 479
408 480
408 481
408 485
408 490
408 496
408 499
408 500
408 501
408 502
408 504
408 505
408 508
408 509
408 510
408 512
408 513
408 520
408 522
408 523
408 525
408 539
408 542
408 544
408 550
408 551
408 554
408 558
408 559
408 561
408 564
408 566
408 567
408 573
408 577
408 586
408 588
408 590
408 592
408 594
408 596
408 603
408 604
408 607
408 614
408 617
408 618
408 619
408 621
408 622
408 630
408 632
408 635
408 639
408 641
408 642
408 644
408 646
408 651
408 652
408 656
408 660
408 692
408 713
408 714
408 715
408 716
498 501
498 502
498 508
498 510
498 520
498 522
498 523
498 525
498 539
498 544
498 551
498 554
498 558
498 559
498 567
498 577
498 586
498 588
498 592
498 596
498 597
498 603
498 614
498 622
498 632
498 635
498 642
498 644
498 646
498 651
498 702
626 632
626 635
626 644
592 596
442 453
442 456
442 480
442 498
442 501
442 508
442 510
442 522
442 525
442 554
442 558
442 559
442 567
442 586
442 596
442 598
442 627
442 635
442 644
432 453
432 455
432 456
432 461
432 472
432 477
432 479
432 498
432 501
432 502
432 508
432 509
432 510
432 520
432 522
432 523
432 525
432 544
432 551
432 554
432 558
432 561
432 567
432 583
432 586
432 588
432 596
432 598
432 603
432 604
432 627
432 630
432 632
432 635
432 641
432 642
432 644
432 645
432 651
360 361
360 362
360 371
360 388
360 395
360 404
360 408
360 412
360 414
360 422
360 452
360 453
360 456
360 465
360 477
360 480
360 498
360 501
360 520
360 522
360 523
360 525
360 554
360 559
360 567
360 581
360 583
360 586
360 588
360 596
360 597
360 598
360 614
360 627
360 630
360 635
360 641
360 644
330 332
330 340
330 371
330 376
330 395
330 404
330 408
330 422
330 436
330 453
330 456
330 498
330 501
330 522
330 525
330 567
330 583
330 588
330 596
330 626
330 627
330 635
330 644
270 279
270 293
270 294
270 300
270 309
270 312
270 328
270 332
270 340
270 351
270 361
270 371
270 376
270 395
270 404
270 408
270 412
270 422
270 436
270 452
270 453
270 456
270 477
270 498
270 501
270 522
270 523
270 525
270 559
270 567
270 577
270 581
270 583
270 588
270 596
270 626
270 627
270 635
270 644
158 165
158 167
158 175
158 182
158 194
158 195
158 199
158 230
158 232
158 246
158 279
158 293
158 294
158 300
158 309
158 312
158 328
158 332
158 340
158 371
158 376
158 395
158 404
158 408
158 412
158 422
158 436
158 453
158 456
158 498
158 501
158 508
158 510
158 522
158 523
158 525
158 554
158 558
158 567
158 577
158 583
158 586
158 588
158 596
158 598
158 626
158 627
158 635
158 644
219 232
219 238
219 279
219 309
219 332
219 340
219 343
219 371
219 378
219 404
219 408
219 453
219 477
219 498
219 501
219 522
219 523
219 525
219 559
219 567
219 596
219 627
219 635
219 695
63 65
63 69
63 95
63 104
63 106
63 119
63 125
63 139
63 150
63 152
63 164
63 165
63 167
63 170
63 171
63 175
63 182
63 194
63 195
63 199
63 205
63 220
63 224
63 230
63 232
63 238
63 239
63 243
63 246
63 279
63 291
63 293
63 294
63 300
63 303
63 309
63 312
63 328
63 331
63 332
63 338
63 340
63 343
63 361
63 362
63 371
63 372
63 376
63 383
63 388
63 395
63 404
63 408
63 412
63 414
63 422
63 431
63 436
63 453
63 456
63 465
63 477
63 480
63 494
63 498
63 501
63 508
63 510
63 520
63 522
63 523
63 525
63 544
63 554
63 558
63 567
63 577
63 583
63 586
63 588
63 596
63 597
63 598
63 614
63 626
63 627
63 632
63 635
63 642
63 644
63 649
63 651
63 668
411 414
411 419
411 422
411 431
411 436
411 453
411 456
411 477
411 480
411 487
411 494
411 498
411 501
411 508
411 510
411 522
411 523
411 525
411 552
411 559
411 567
411 583
411 588
411 596
411 614
411 626
411 627
411 635
411 644
411 649
411 680
411 717
346 371
346 376
346 384
346 395
346 404
346 408
346 422
346 436
346 453
346 455
346 456
346 461
346 472
346 479
346 498
346 501
346 502
346 508
346 510
346 522
346 523
346 525
346 551
346 554
346 558
346 567
346 583
346 586
346 588
346 596
346 598
346 603
346 626
346 627
346 632
346 635
346 644
138 149
138 150
138 152
138 154
138 165
138 167
138 171
138 175
138 182
138 194
138 195
138 199
138 230
138 232
138 238
138 275
138 279
138 309
138 332
138 340
138 343
138 371
138 404
138 408
138 453
138 477
138 498
138 501
138 508
138 510
138 518
138 522
138 523
138 525
138 551
138 558
138 567
138 596
138 627
138 635
398 404
398 408
398 453
398 498
398 501
398 522
398 525
398 567
398 596
642 644
544 554
544 558
544 567
544 583
544 588
544 596
544 598
544 627
544 635
388 395
388 404
388 408
388 412
388 414
388 422
388 432
388 453
388 456
388 465
388 477
388 498
388 501
388 520
388 522
388 523
388 554
388 558
388 567
388 583
388 586
388 588
388 596
388 597
388 598
388 627
388 635
388 644
362 371
362 395
362 404
362 408
362 412
362 414
362 422
362 432
362 453
362 465
362 477
362 498
362 501
362 508
362 520
362 522
362 523
362 554
362 558
362 567
362 577
362 588
362 596
362 597
362 598
362 627
362 632
362 635
362 644
331 340
331 346
331 371
331 376
331 384
331 404
331 408
331 422
331 432
331 453
331 455
331 456
331 461
331 472
331 477
331 479
331 498
331 501
331 502
331 508
331 522
331 523
331 551
331 554
331 558
331 567
331 583
331 586
331 588
331 596
331 598
331 603
331 627
331 632
331 635
331 644
309 312
309 328
309 340
309 343
309 346
309 360
309 361
309 371
309 376
309 395
309 404
309 408
309 411
309 412
309 414
309 422
309 432
309 442
309 453
309 456
309 465
309 477
309 480
309 498
309 501
309 508
309 520
309 522
309 523
309 525
309 554
309 558
309 567
309 577
309 583
309 586
309 588
309 596
309 597
309 598
309 614
309 626
309 627
309 635
309 644
47 63
47 104
47 150
47 152
47 167
47 171
47 175
47 182
47 199
47 201
47 205
47 232
47 238
47 279
47 281
47 340
47 395
47 404
47 408
47 422
47 432
47 453
47 456
47 477
47 498
47 501
47 522
47 523
47 554
47 558
47 559
47 567
47 583
47 588
47 596
47 598
47 627
47 635
510 520
510 522
510 523
510 554
510 558
510 567
510 577
510 583
510 586
510 588
510 596
510 598
510 614
510 627
510 632
510 635
510 644
510 649
510 728
510 729
3 48
3 63
3 65
3 95
3 104
3 106
3 119
3 152
3 158
3 167
3 171
3 175
3 182
3 194
3 195
3 199
3 205
3 224
3 238
3 279
3 340
3 343
3 346
3 360
3 371
3 376
3 395
3 404
3 408
3 412
3 414
3 422
3 432
3 442
3 453
3 456
3 465
3 477
3 498
3 501
3 502
3 508
3 520
3 522
3 523
3 554
3 558
3 567
3 583
3 586
3 588
3 596
3 597
3 598
3 627
3 635
3 644
27 48
27 63
27 65
27 104
27 119
27 125
27 152
27 167
27 171
27 175
27 182
27 194
27 195
27 199
27 224
27 238
27 279
27 286
27 340
27 343
27 360
27 361
27 371
27 395
27 404
27 408
27 412
27 414
27 422
27 432
27 453
27 465
27 472
27 477
27 480
27 498
27 501
27 520
27 522
27 523
27 554
27 567
27 588
27 596
27 597
27 598
27 614
27 627
27 635
27 644
484 571
484 631
484 638
458 571
458 631
458 638
521 571
521 631
521 638
521 730
443 571
443 631
443 638
368 381
368 571
368 631
368 638
357 381
357 571
357 631
357 638
178 181
178 185
178 255
178 267
178 301
178 350
178 381
178 571
178 631
178 638
324 350
324 381
324 571
324 631
324 638
129 142
129 147
129 165
129 181
129 185
129 255
129 267
129 301
129 350
129 381
129 571
129 631
129 638
76 142
76 147
76 165
76 181
76 185
76 255
76 267
76 301
76 350
76 381
76 571
76 631
76 638
502 504
502 505
502 506
502 523
502 524
502 525
502 551
502 558
502 559
502 561
502 564
502 566
502 567
502 586
502 587
502 588
502 590
502 596
502 598
502 603
502 607
502 609
502 617
502 619
502 621
502 622
502 627
502 630
502 632
502 635
502 639
502 641
502 652
502 656
198 383
165 167
165 171
165 175
165 178
165 181
165 182
165 185
165 192
165 194
165 195
165 197
165 199
165 205
165 219
165 220
165 224
165 230
165 232
165 238
165 239
165 243
165 244
165 246
165 252
165 255
165 267
165 268
165 270
165 271
165 275
165 279
165 286
165 293
165 294
165 300
165 301
165 303
165 309
165 312
165 315
165 319
165 324
165 328
165 330
165 331
165 332
165 336
165 338
165 340
165 346
165 348
165 350
165 351
165 352
165 357
165 360
165 361
165 368
165 371
165 376
165 377
165 381
165 384
165 395
165 398
165 404
165 408
165 411
165 412
165 414
165 420
165 422
165 430
165 432
165 434
165 442
165 443
165 446
165 452
165 453
165 455
165 456
165 458
165 461
165 472
165 475
165 477
165 479
165 483
165 484
165 490
165 492
165 496
165 498
165 501
165 508
165 510
165 516
165 520
165 521
165 522
165 523
165 525
165 533
165 551
165 553
165 554
165 559
165 561
165 567
165 571
165 575
165 577
165 581
165 583
165 586
165 588
165 592
165 596
165 597
165 598
165 599
165 603
165 605
165 607
165 613
165 614
165 622
165 624
165 626
165 627
165 628
165 631
165 632
165 635
165 638
165 646
165 648
165 649
165 655
165 664
165 678
165 679
165 680
165 681
165 682
165 683
165 684
165 685
148 150
148 152
148 167
148 171
148 182
148 195
148 205
148 224
148 238
148 268
148 275
148 286
148 300
148 331
148 340
148 346
148 352
148 371
148 384
148 404
148 408
148 422
148 432
148 453
148 455
148 456
148 461
148 472
148 479
148 498
148 501
148 523
148 551
148 559
148 561
148 567
148 586
148 596
148 603
148 607
148 627
148 632
148 635
96 97
96 251
96 336
96 339
96 352
96 383
96 440
96 492
96 522
96 623
378 384
378 390
378 392
378 403
378 408
378 412
378 416
378 432
378 435
378 456
378 459
378 472
378 479
378 499
378 500
378 501
378 518
378 564
378 567
378 583
378 587
378 594
378 596
378 603
378 604
378 630
378 637
378 639
378 641
378 652
378 695
378 711
71 286
71 500
71 641
39 182
39 280
39 286
39 328
39 361
39 408
39 456
39 500
39 520
39 596
39 603
39 604
39 641
24 63
24 165
24 239
24 243
24 411
614 627
614 635
614 644
614 649
332 346
332 360
332 398
332 404
332 408
332 411
332 414
332 432
332 442
332 453
332 498
332 501
332 525
332 567
332 592
332 596
332 649
239 243
239 246
239 288
239 294
239 303
239 391
239 411
239 414
239 477
239 492
239 510
239 599
239 623
239 649
125 152
125 154
125 164
125 167
125 171
125 175
125 194
125 195
125 199
125 231
125 238
125 279
125 309
125 340
125 343
125 360
125 361
125 371
125 404
125 408
125 411
125 412
125 422
125 453
125 477
125 480
125 498
125 501
125 510
125 523
125 554
125 567
125 598
125 627
125 635
125 644
522 523
522 525
522 541
522 544
522 545
522 546
522 548
522 549
522 554
522 557
522 558
522 559
522 561
522 567
522 575
522 577
522 578
522 581
522 583
522 586
522 588
522 592
522 596
522 597
522 598
522 607
522 622
522 624
522 626
522 627
522 632
522 635
522 642
522 644
522 646
522 649
522 651
522 664
522 668
522 731
522 732
522 733
522 734
522 735
522 736
522 737
522 738
522 739
522 740
522 741
522 742
522 743
522 744
522 745
522 746
522 747
522 748
522 749
522 750
522 751
522 752
522 753
522 754
522 755
522 756
522 757
522 758
522 759
522 760
522 761
522 762
522 763
522 764
522 765
522 766
522 767
522 768
522 769
522 770
522 771
522 772
522 773
522 774
522 775
522 776
522 777
522 778
522 779
522 780
522 781
522 782
522 783
522 784
522 785
522 786
522 787
522 788
522 789
522 790
522 791
522 792
522 793
522 794
522 795
522 796
522 797
522 798
522 799
522 800
522 801
522 802
522 803
522 804
522 805
522 806
522 807
522 808
522 809
522 810
522 811
522 812
522 813
522 814
522 815
522 816
522 817
522 818
522 819
522 820
522 821
522 822
522 823
522 824
522 825
522 826
522 827
522 828
522 829
522 830
522 831
522 832
522 833
522 834
522 835
522 836
522 837
522 838
522 839
522 840
522 841
522 842
522 843
522 844
522 845
522 846
522 847
522 848
522 849
522 850
522 851
522 852
522 853
522 854
522 855
522 856
106 152
106 154
106 158
106 165
106 167
106 171
106 175
106 177
106 182
106 194
106 195
106 199
106 205
106 220
106 238
106 246
106 279
106 294
106 303
106 309
106 331
106 340
106 346
106 362
106 371
106 376
106 404
106 408
106 411
106 414
106 422
106 431
106 432
106 442
106 453
106 456
106 465
106 469
106 477
106 480
106 498
106 501
106 508
106 510
106 520
106 554
106 558
106 567
106 577
106 586
106 588
106 596
106 598
106 627
106 632
106 635
106 642
106 644
106 649
162 411
162 414
162 649
539 554
539 559
539 609
539 610
539 627
539 641
539 857
539 858
539 859
375 554
130 133
130 150
130 152
130 168
130 189
130 190
130 192
130 204
130 207
130 211
130 254
130 269
130 281
130 282
130 313
130 322
130 405
130 408
130 422
130 437
130 452
130 496
130 498
130 501
130 547
130 554
130 559
130 561
130 583
130 586
130 596
130 627
130 635
130 660
130 676
121 554
38 60
38 269
38 408
38 554
38 586
38 596
287 340
287 408
287 418
287 501
287 554
287 583
287 596
287 627
14 554
563 607
463 607
302 607
276 607
107 246
107 607
55 607
496 539
496 558
496 559
496 567
496 583
496 586
496 596
496 640
281 340
281 361
281 395
281 400
281 408
281 412
281 501
281 502
281 512
281 539
281 547
281 558
281 559
281 567
281 583
281 586
281 596
281 618
281 627
281 640
204 596
192 232
192 244
192 270
192 293
192 328
192 340
192 351
192 360
192 361
192 371
192 408
192 422
192 446
192 452
192 456
192 477
192 498
192 501
192 512
192 516
192 520
192 522
192 525
192 547
192 559
192 567
192 581
192 583
192 586
192 588
192 596
192 598
192 622
192 626
192 627
192 632
192 635
192 646
313 408
313 559
313 596
66 130
66 596
172 522
172 649
172 686
172 687
99 252
99 522
607 635
607 649
607 664
386 522
386 649
168 559
168 635
136 254
136 353
136 408
136 583
136 596
80 84
80 86
80 101
80 104
80 105
80 116
80 124
80 128
80 130
80 133
80 148
80 150
80 152
80 159
80 164
80 165
80 167
80 170
80 171
80 174
80 175
80 179
80 182
80 190
80 192
80 195
80 199
80 205
80 211
80 224
80 232
80 237
80 238
80 243
80 244
80 248
80 254
80 268
80 270
80 275
80 281
80 282
80 286
80 287
80 293
80 294
80 300
80 322
80 328
80 331
80 340
80 346
80 351
80 353
80 360
80 361
80 371
80 378
80 384
80 404
80 408
80 412
80 422
80 432
80 446
80 452
80 453
80 455
80 456
80 461
80 466
80 472
80 477
80 479
80 492
80 496
80 498
80 501
80 502
80 513
80 520
80 522
80 523
80 525
80 539
80 547
80 551
80 554
80 555
80 559
80 561
80 567
80 581
80 583
80 586
80 588
80 596
80 598
80 603
80 607
80 610
80 617
80 622
80 626
80 627
80 632
80 635
80 640
80 646
80 670
5 130
5 179
5 254
5 408
5 496
5 539
5 596
5 610
503 607
503 633
434 450
434 457
434 507
434 535
434 538
434 562
434 575
434 597
434 599
434 607
434 623
434 633
434 712
420 450
420 457
420 535
420 538
420 562
420 575
420 607
420 623
420 633
420 712
97 140
97 251
97 336
97 339
97 352
97 383
97 415
97 440
97 450
97 492
97 584
97 607
97 623
97 672
298 383
633 712
457 535
33 96
33 97
33 251
33 336
33 339
33 352
33 383
33 420
33 434
33 440
33 450
33 492
33 623
391 411
391 420
391 434
391 510
157 383
157 434
383 391
383 411
383 414
383 420
383 434
383 440
383 450
383 457
383 478
383 492
383 503
383 522
383 535
383 538
383 560
383 562
383 575
383 597
383 607
383 623
383 633
383 649
383 712
193 239
193 246
193 383
193 391
193 420
193 434
193 510
193 562
251 336
251 339
251 352
251 379
251 383
251 414
251 522
251 623
246 252
246 270
246 275
246 279
246 293
246 294
246 300
246 303
246 309
246 312
246 315
246 328
246 330
246 336
246 338
246 340
246 346
246 352
246 371
246 376
246 379
246 383
246 391
246 395
246 404
246 408
246 411
246 412
246 414
246 422
246 431
246 436
246 453
246 456
246 469
246 477
246 480
246 498
246 501
246 508
246 510
246 522
246 523
246 525
246 544
246 548
246 561
246 575
246 577
246 583
246 586
246 588
246 596
246 597
246 598
246 607
246 614
246 623
246 624
246 626
246 627
246 635
246 644
246 649
492 501
492 522
492 552
492 559
492 596
492 597
492 611
492 623
492 632
492 635
440 623
303 383
303 414
303 487
303 492
303 508
303 522
303 597
303 607
303 611
303 624
303 678
303 704
517 665
534 649
534 665
495 665
471 623
252 288
252 294
252 386
252 401
252 411
252 414
252 427
252 522
252 607
163 165
163 263
163 372
163 383
163 420
163 434
163 562
163 575
596 598
596 601
596 603
596 604
596 607
596 609
596 610
596 614
596 616
596 617
596 618
596 619
596 621
596 622
596 626
596 627
596 630
596 632
596 635
596 636
596 639
596 640
596 641
596 642
596 644
596 645
596 646
596 651
596 652
596 653
596 656
596 660
596 670
596 690
596 710
596 713
596 715
596 805
596 816
596 860
596 866
596 867
596 868
596 869
596 870
596 871
596 872
596 873
596 874
596 875
596 876
596 877
596 878
596 879
596 880
596 881
596 882
596 883
596 884
596 885
596 886
596 887
596 888
596 889
596 890
596 891
596 892
596 893
596 894
596 895
596 896
596 897
596 898
596 899
596 900
596 901
326 537
326 620
326 650
554 558
554 559
554 567
554 573
554 577
554 583
554 586
554 588
554 596
554 597
554 598
554 614
554 618
554 627
554 632
554 635
554 641
554 642
554 644
554 651
169 408
169 596
159 353
159 498
159 539
159 596
159 627
570 596
536 608
536 701
552 559
552 635
464 724
608 701
189 275
189 281
189 596
56 310
56 477
56 495
56 517
56 522
56 534
56 649
56 665
342 556
0 326
0 537
0 650
143 326
529 596
511 596
335 414
335 708
537 650
274 281
274 412
273 340
273 361
273 596
263 372
263 383
263 434
237 281
237 586
217 408
217 596
135 559
135 567
135 596
88 135
88 559
88 567
88 596
579 596
532 596
460 590
367 402
367 597
367 623
349 361
349 468
349 710
315 414
290 340
290 641
227 408
227 539
227 698
218 378
218 459
177 510
177 599
109 414
109 597
109 673
68 340
68 362
68 412
31 69
31 408
31 604
272 501
272 702
183 283
183 596
188 596
188 690
202 408
202 596
206 408
206 692
213 408
213 596
214 597
214 623
228 522
228 635
245 340
156 340
156 406
277 492
306 705
402 623
415 623
468 596
473 596
478 725
72 539
72 596
1 150
1 596
12 378
12 502
16 338
16 522
40 165
40 411
52 303
52 663
481 596
77 82
77 165
81 528
81 539
82 165
113 340
113 491
115 124
115 559
117 529
117 596
153 596
155 165
155 677
235 268
235 275
235 286
235 340
235 384
235 408
235 441
235 502
235 567
235 596
235 635
235 641
321 380
321 408
321 440
321 479
321 492
321 522
321 603
321 621
321 641
102 106
102 162
102 239
102 246
102 294
102 332
102 411
102 414
102 469
102 480
102 510
102 522
102 614
102 649
191 286
191 340
191 409
191 412
191 479
191 502
191 524
191 587
191 596
191 604
191 630
191 641
336 339
336 352
336 383
336 440
336 492
336 522
336 623
336 624
380 408
380 451
380 479
380 596
380 603
380 621
380 641
380 645
490 501
490 554
490 586
490 596
490 627
254 278
254 286
254 340
254 408
254 501
254 559
254 596
254 635
133 150
133 205
133 281
133 340
133 408
133 496
133 501
133 558
133 559
133 567
133 596
133 635
307 340
307 408
307 422
307 456
307 490
307 498
307 501
307 554
307 583
307 596
34 80
34 130
34 133
34 150
34 190
34 205
34 281
34 340
34 361
34 408
34 496
34 539
34 558
34 559
34 567
34 583
34 596
34 640
60 80
60 130
60 164
60 199
60 238
60 246
60 248
60 340
60 408
60 422
60 498
60 501
60 522
60 554
60 583
60 586
60 596
220 239
220 243
220 246
220 294
220 372
220 411
220 414
220 431
220 480
220 508
220 510
220 522
220 597
220 649
243 246
243 303
243 338
243 383
243 414
243 483
243 494
243 522
243 559
243 623
243 635
278 340
278 384
278 408
278 474
278 567
278 596
278 598
278 603
278 604
278 617
278 626
278 630
278 635
278 641
352 379
352 383
352 414
352 440
352 492
352 502
352 559
352 607
352 623
352 635
190 192
190 237
190 281
190 361
190 408
190 496
190 501
190 530
190 539
190 547
190 559
190 583
190 586
190 596
190 617
190 627
372 383
372 411
372 420
372 434
372 510
372 575
338 383
338 420
338 434
338 503
339 352
339 383
339 440
339 492
339 623
418 501
418 554
418 583
418 596
418 627
487 492
487 552
487 559
487 632
487 635
512 520
512 550
512 596
512 635
547 583
547 586
547 596
587 596
609 635
6 149
6 182
6 340
6 378
6 408
6 412
6 432
6 456
6 596
6 604
6 630
6 641
128 130
128 168
128 322
128 340
128 408
128 412
128 473
128 501
128 559
128 596
128 635
211 282
211 287
211 418
211 501
211 539
211 554
211 583
211 627
211 694
491 520
491 596
491 627
491 630
575 582
575 664
49 106
49 125
49 154
49 165
49 231
49 294
49 411
49 508
49 510
49 522
49 614
49 649
174 243
174 252
174 288
174 294
174 411
174 492
174 522
174 552
174 559
174 597
174 635
41 48
41 63
41 125
41 149
41 152
41 164
41 167
41 170
41 171
41 175
41 194
41 195
41 199
41 205
41 216
41 238
41 254
41 279
41 286
41 291
41 293
41 307
41 309
41 340
41 343
41 360
41 361
41 371
41 404
41 408
41 412
41 413
41 422
41 453
41 456
41 461
41 477
41 480
41 490
41 498
41 501
41 520
41 522
41 523
41 554
41 559
41 567
41 583
41 586
41 590
41 596
41 598
41 604
41 606
41 614
41 627
41 630
41 635
41 641
41 644
41 660
154 165
154 167
154 171
154 175
154 182
154 194
154 195
154 199
154 219
154 231
154 238
154 270
154 279
154 294
154 309
154 340
154 371
154 404
154 408
154 411
154 432
154 453
154 477
154 498
154 501
154 508
154 510
154 522
154 523
154 525
154 567
154 596
154 614
154 627
154 635
154 649
455 456
455 461
455 472
455 479
455 498
455 501
455 502
455 523
455 551
455 567
455 586
455 596
455 603
455 627
455 632
455 635
551 567
551 586
551 596
551 603
551 627
551 632
551 635
465 477
465 498
465 501
465 508
465 510
465 520
465 522
465 539
465 554
465 558
465 567
465 577
465 588
465 596
465 597
465 598
465 632
465 635
465 644
597 607
597 612
597 623
597 635
597 644
597 704
597 902
597 903
343 360
343 361
343 362
343 371
343 388
343 395
343 404
343 408
343 412
343 414
343 422
343 453
343 465
343 477
343 480
343 498
343 501
343 520
343 522
343 523
343 554
343 567
343 588
343 596
343 597
343 598
343 614
343 627
343 635
343 644
577 583
577 588
577 596
577 598
577 626
577 627
577 632
577 635
577 644
21 48
21 65
21 80
21 86
21 104
21 105
21 116
21 124
21 148
21 149
21 150
21 152
21 165
21 167
21 171
21 182
21 195
21 205
21 224
21 232
21 238
21 268
21 275
21 286
21 300
21 331
21 340
21 346
21 360
21 371
21 384
21 404
21 408
21 422
21 432
21 453
21 455
21 456
21 461
21 472
21 479
21 491
21 498
21 501
21 502
21 523
21 551
21 567
21 586
21 590
21 596
21 603
21 604
21 617
21 627
21 630
21 632
21 635
21 656
69 106
69 152
69 171
69 175
69 182
69 194
69 195
69 199
69 205
69 232
69 238
69 279
69 340
69 362
69 371
69 404
69 408
69 453
69 465
69 477
69 498
69 501
69 508
69 510
69 520
69 522
69 554
69 558
69 567
69 577
69 588
69 596
69 598
69 604
69 632
69 635
69 641
69 644
508 510
508 520
508 522
508 554
508 558
508 567
508 575
508 577
508 586
508 588
508 596
508 598
508 614
508 627
508 632
508 635
508 642
508 644
508 649
361 371
361 404
361 408
361 412
361 422
361 452
361 453
361 456
361 477
361 480
361 498
361 501
361 513
361 522
361 523
361 525
361 526
361 531
361 554
361 559
361 567
361 581
361 583
361 586
361 596
361 598
361 601
361 603
361 604
361 614
361 627
361 630
361 635
361 641
361 644
414 422
414 434
414 440
414 453
414 465
414 469
414 477
414 480
414 487
414 492
414 498
414 501
414 507
414 508
414 510
414 520
414 522
414 527
414 554
414 588
414 597
414 614
414 635
414 644
414 649
414 704
224 238
224 268
224 275
224 286
224 300
224 309
224 331
224 340
224 343
224 346
224 360
224 362
224 371
224 384
224 388
224 395
224 404
224 408
224 412
224 414
224 422
224 432
224 453
224 455
224 456
224 461
224 465
224 472
224 477
224 479
224 498
224 501
224 502
224 520
224 522
224 523
224 551
224 554
224 567
224 586
224 588
224 596
224 597
224 603
224 627
224 632
224 635
224 644
558 559
558 567
558 577
558 583
558 586
558 588
558 596
558 598
558 609
558 627
558 632
558 635
558 642
558 644
520 522
520 554
520 555
520 558
520 567
520 577
520 581
520 583
520 588
520 590
520 597
520 598
520 603
520 604
520 606
520 626
520 627
520 630
520 632
520 635
520 641
520 644
520 645
632 635
632 644
48 63
48 65
48 69
48 80
48 86
48 95
48 104
48 105
48 106
48 116
48 119
48 124
48 125
48 138
48 148
48 149
48 150
48 152
48 154
48 158
48 164
48 165
48 167
48 170
48 171
48 175
48 182
48 194
48 195
48 199
48 205
48 219
48 224
48 238
48 268
48 270
48 275
48 279
48 286
48 291
48 293
48 300
48 309
48 331
48 340
48 343
48 346
48 360
48 361
48 362
48 371
48 376
48 384
48 388
48 395
48 404
48 408
48 411
48 412
48 414
48 422
48 432
48 442
48 453
48 455
48 456
48 461
48 465
48 472
48 477
48 479
48 480
48 498
48 501
48 502
48 508
48 510
48 520
48 522
48 523
48 525
48 551
48 554
48 558
48 567
48 577
48 586
48 588
48 596
48 597
48 598
48 603
48 614
48 627
48 632
48 635
48 642
48 644
291 293
291 309
291 340
291 360
291 371
291 404
291 408
291 412
291 453
291 477
291 480
291 501
291 522
291 523
291 554
291 567
291 586
291 596
291 598
291 614
291 627
291 635
291 644
61 80
61 124
61 130
61 133
61 150
61 152
61 160
61 235
61 254
61 268
61 275
61 278
61 286
61 340
61 384
61 408
61 501
61 502
61 512
61 550
61 559
61 567
61 596
61 617
61 635
61 641
622 627
622 630
622 646
446 456
446 477
446 492
446 498
446 501
446 559
446 567
446 581
446 583
446 596
446 598
446 626
446 627
446 635
42 49
42 80
42 125
42 150
42 154
42 170
42 171
42 175
42 182
42 192
42 197
42 231
42 244
42 340
42 351
42 408
42 411
42 422
42 446
42 456
42 477
42 498
42 501
42 510
42 567
42 581
42 583
42 596
42 598
42 626
42 627
42 635
244 328
244 340
244 351
244 408
244 422
244 446
244 456
244 477
244 498
244 501
244 520
244 522
244 567
244 581
244 583
244 588
244 596
244 598
244 599
244 626
244 627
244 632
244 635
452 456
452 477
452 498
452 501
452 522
452 525
452 559
452 561
452 567
452 581
452 583
452 596
452 627
452 635
452 678
452 681
561 567
561 596
561 627
561 635
561 861
248 465
248 501
248 554
248 583
248 586
248 596
604 625
604 627
604 630
604 641
604 645
95 106
95 152
95 167
95 171
95 175
95 182
95 199
95 205
95 238
95 279
95 309
95 331
95 340
95 371
95 376
95 408
95 422
95 432
95 456
95 477
95 498
95 501
95 508
95 510
95 522
95 554
95 558
95 567
95 596
95 598
95 627
95 635
95 642
95 644
119 152
119 167
119 171
119 194
119 195
119 224
119 238
119 309
119 340
119 343
119 360
119 362
119 371
119 388
119 395
119 404
119 412
119 414
119 422
119 453
119 465
119 477
119 498
119 501
119 520
119 522
119 554
119 567
119 588
119 596
119 597
119 635
119 644
170 171
170 194
170 195
170 197
170 199
170 238
170 279
170 291
170 293
170 309
170 340
170 360
170 371
170 404
170 408
170 412
170 453
170 477
170 480
170 492
170 501
170 522
170 523
170 554
170 567
170 586
170 596
170 598
170 614
170 627
170 635
170 644
230 246
230 270
230 279
230 293
230 294
230 309
230 312
230 328
230 340
230 371
230 376
230 395
230 404
230 408
230 412
230 422
230 456
230 498
230 501
230 518
230 522
230 523
230 558
230 577
230 583
230 588
230 596
230 626
230 627
44 48
44 63
44 65
44 69
44 106
44 152
44 171
44 175
44 194
44 195
44 199
44 205
44 235
44 238
44 279
44 340
44 362
44 371
44 404
44 408
44 453
44 465
44 477
44 498
44 501
44 502
44 508
44 510
44 520
44 522
44 554
44 558
44 567
44 577
44 588
44 596
44 598
44 632
44 635
44 641
44 644
139 150
139 158
139 165
139 167
139 175
139 194
139 195
139 199
139 230
139 246
139 270
139 279
139 293
139 294
139 309
139 312
139 328
139 340
139 371
139 376
139 395
139 404
139 408
139 412
139 422
139 442
139 456
139 480
139 498
139 501
139 522
139 523
139 577
139 583
139 588
139 596
139 626
139 627
535 538
256 281
256 491
256 520
256 596
410 479
410 604
410 641
437 559
437 596
437 635
438 498
438 501
438 554
438 596
441 502
441 596
518 558
528 532
528 539
528 558
530 567
530 596
530 627
200 487
200 492
200 559
200 596
200 632
32 99
32 172
32 386
32 522
32 607
32 649
110 149
110 275
110 340
110 343
110 412
110 596
140 383
140 420
140 434
140 450
140 607
207 405
207 422
207 501
207 586
207 596
231 411
231 510
319 508
319 575
319 707
413 596
413 660
451 641
467 530
467 567
467 596
467 627
494 649
625 641
250 340
250 408
250 554
250 586
250 596
250 627
57 182
57 217
57 340
57 408
57 596
79 150
79 361
79 526
79 596
79 601
197 294
197 682
513 539
513 559
513 627
513 630
160 408
160 559
160 596
160 618
160 635
216 254
216 286
216 321
216 512
216 520
216 559
216 635
282 287
282 539
282 583
282 627
353 498
353 539
353 583
353 596
353 627
379 414
379 440
379 492
379 596
406 408
406 539
406 596
406 627
406 660
421 479
421 596
421 630
421 641
431 480
431 508
431 510
573 596
573 627
17 80
17 116
17 138
17 275
17 343
17 498
17 567
17 586
17 596
179 211
179 282
179 287
179 408
179 465
179 539
179 596
269 406
269 472
269 539
269 554
269 596
269 701
469 480
469 510
469 614
469 649
201 205
201 232
201 281
201 395
201 408
201 559
201 596
201 632
280 328
280 408
280 520
280 603
280 604
288 294
288 414
288 522
405 422
405 501
405 586
405 596
509 554
509 583
509 596
519 559
519 596
519 635
524 596
550 596
550 635
283 408
283 596
103 167
103 191
103 409
103 472
103 502
103 596
103 641
322 501
322 559
322 596
322 635
450 607
474 596
474 598
474 626
486 539
488 727
489 559
497 596
514 596
515 522
482 726
543 596
429 596
399 522
407 596
424 522
426 522
428 718
444 510
447 719
448 597
449 678
462 723
476 522
565 862
569 596
572 863
574 599
576 864
580 596
397 522
615 905
166 522
112 165
118 522
122 674
123 675
126 596
131 522
144 596
151 596
161 596
111 414
173 688
186 596
203 522
209 596
215 596
221 696
222 379
223 697
73 596
10 522
11 220
18 408
25 522
26 583
58 281
59 667
64 283
70 669
234 699
74 596
83 522
85 522
90 408
91 408
92 671
94 522
98 522
359 522
317 596
318 596
329 522
341 522
344 539
345 607
354 596
356 596
316 706
363 522
370 607
374 522
385 492
387 522
389 596
393 408
396 456
265 522
236 596
241 700
242 596
253 596
259 522
261 456
262 522
264 522
266 596
285 522
289 596
297 596
299 623
304 596
311 596
7 596
